%YAML:1.0
---
K: !!opencv-matrix
   rows: 3
   cols: 3
   dt: d
   data: [ 1.1569403475337454e+03, 0., 6.6594859570650681e+02, 0.,
       1.1521386923093378e+03, 3.8878517922675121e+02, 0., 0., 1. ]
dist: !!opencv-matrix
   rows: 1
   cols: 5
   dt: d
   data: [ -2.3763662180305126e-01, -8.5412913821856715e-02,
       -7.9095596092473830e-04, -1.1590872684279806e-04,
       1.0574127646406588e-01 ]
